# Array shape: (8, 6, 6)

1.0     0.99522     0.99516     0.99482     0.99603     0.99269     
0.99522     1.0     0.99928     0.9966     0.99739     0.98927     
0.99516     0.99928     1.0     0.99764     0.9967     0.98852     
0.99482     0.9966     0.99764     1.0     0.9931     0.99106     
0.99603     0.99739     0.9967     0.9931     1.0     0.98612     
0.99269     0.98927     0.98852     0.99106     0.98612     1.0     


1.0     0.99021     0.98913     0.99225     0.99309     0.99817     
0.99021     1.0     0.99962     0.99871     0.99947     0.9936     
0.98913     0.99962     1.0     0.99847     0.99913     0.99241     
0.99225     0.99871     0.99847     1.0     0.99905     0.99606     
0.99309     0.99947     0.99913     0.99905     1.0     0.99589     
0.99817     0.9936     0.99241     0.99606     0.99589     1.0     


1.0     0.9812     0.98304     0.98647     0.98772     0.99085     
0.9812     1.0     0.99899     0.99624     0.99842     0.99254     
0.98304     0.99899     1.0     0.99803     0.99834     0.99485     
0.98647     0.99624     0.99803     1.0     0.99697     0.99688     
0.98772     0.99842     0.99834     0.99697     1.0     0.99444     
0.99085     0.99254     0.99485     0.99688     0.99444     1.0     


1.0     0.99218     0.99119     0.99145     0.99672     0.99714     
0.99218     1.0     0.99913     0.99711     0.99829     0.99657     
0.99119     0.99913     1.0     0.99843     0.99759     0.99635     
0.99145     0.99711     0.99843     1.0     0.99693     0.99602     
0.99672     0.99829     0.99759     0.99693     1.0     0.9978     
0.99714     0.99657     0.99635     0.99602     0.9978     1.0     


1.0     0.99883     0.99879     0.99839     0.99937     0.99908     
0.99883     1.0     0.99982     0.99938     0.99952     0.9996     
0.99879     0.99982     1.0     0.99949     0.99918     0.99955     
0.99839     0.99938     0.99949     1.0     0.99888     0.99924     
0.99937     0.99952     0.99918     0.99888     1.0     0.99938     
0.99908     0.9996     0.99955     0.99924     0.99938     1.0     


1.0     0.98415     0.98921     0.98661     0.99314     0.99186     
0.98415     1.0     0.99835     0.99792     0.99733     0.99662     
0.98921     0.99835     1.0     0.99792     0.99804     0.99829     
0.98661     0.99792     0.99792     1.0     0.99756     0.99817     
0.99314     0.99733     0.99804     0.99756     1.0     0.99822     
0.99186     0.99662     0.99829     0.99817     0.99822     1.0     


1.0     0.97859     0.98366     0.99281     0.98816     0.98752     
0.97859     1.0     0.99881     0.99292     0.99621     0.9925     
0.98366     0.99881     1.0     0.9947     0.99706     0.99535     
0.99281     0.99292     0.9947     1.0     0.99517     0.99493     
0.98816     0.99621     0.99706     0.99517     1.0     0.99152     
0.98752     0.9925     0.99535     0.99493     0.99152     1.0     


1.0     0.99694     0.99765     0.99738     0.99907     0.99736     
0.99694     1.0     0.9998     0.99894     0.99892     0.99944     
0.99765     0.9998     1.0     0.99935     0.99911     0.99961     
0.99738     0.99894     0.99935     1.0     0.99849     0.9994     
0.99907     0.99892     0.99911     0.99849     1.0     0.99872     
0.99736     0.99944     0.99961     0.9994     0.99872     1.0     


