# Array shape: (7, 8, 8)

1.0  -0.19119  0.24032  -0.18152  -0.55644  -0.12844  0.32952  -0.41533  
-0.19119  1.0  -0.50649  -0.1544  -0.02363  -0.08216  -0.09024  0.45208  
0.24032  -0.50649  1.0  0.12359  0.05817  0.01468  0.07592  -0.38816  
-0.18152  -0.1544  0.12359  1.0  0.27272  0.08883  -0.07314  0.06944  
-0.55644  -0.02363  0.05817  0.27272  1.0  0.15909  -0.24619  0.15322  
-0.12844  -0.08216  0.01468  0.08883  0.15909  1.0  -0.12318  0.12998  
0.32952  -0.09024  0.07592  -0.07314  -0.24619  -0.12318  1.0  -0.11652  
-0.41533  0.45208  -0.38816  0.06944  0.15322  0.12998  -0.11652  1.0  


1.0  -0.11368  0.01115  -0.11145  -0.04788  0.07783  -0.03892  -0.05983  
-0.11368  1.0  -0.10351  -0.07013  0.02705  -0.00044  -0.02124  0.00244  
0.01115  -0.10351  1.0  0.12481  -0.11108  -0.19092  0.04206  0.0116  
-0.11145  -0.07013  0.12481  1.0  0.36854  -0.01637  0.35134  0.16354  
-0.04788  0.02705  -0.11108  0.36854  1.0  0.07678  0.26413  0.11837  
0.07783  -0.00044  -0.19092  -0.01637  0.07678  1.0  0.17861  0.10437  
-0.03892  -0.02124  0.04206  0.35134  0.26413  0.17861  1.0  0.16578  
-0.05983  0.00244  0.0116  0.16354  0.11837  0.10437  0.16578  1.0  


1.0  0.20512  0.28364  -0.02251  -1e-05  -0.01583  -0.05277  0.11198  
0.20512  1.0  0.26028  -0.06762  0.04834  -0.11885  0.08852  0.28562  
0.28364  0.26028  1.0  0.03329  0.04874  -0.01529  -0.10998  0.14232  
-0.02251  -0.06762  0.03329  1.0  0.05595  0.06235  0.06225  0.06517  
-1e-05  0.04834  0.04874  0.05595  1.0  -0.14441  0.06376  0.06911  
-0.01583  -0.11885  -0.01529  0.06235  -0.14441  1.0  -0.08552  -0.12977  
-0.05277  0.08852  -0.10998  0.06225  0.06376  -0.08552  1.0  -0.03813  
0.11198  0.28562  0.14232  0.06517  0.06911  -0.12977  -0.03813  1.0  


1.0  0.2012  0.10514  -0.03786  -0.0451  0.03794  -0.04643  0.06669  
0.2012  1.0  0.00358  -0.09596  0.04848  -0.08058  0.04908  0.24354  
0.10514  0.00358  1.0  -0.00396  -0.08545  0.06144  -0.1981  0.01964  
-0.03786  -0.09596  -0.00396  1.0  0.08624  0.07288  0.07535  0.0388  
-0.0451  0.04848  -0.08545  0.08624  1.0  -0.11841  0.08131  0.07652  
0.03794  -0.08058  0.06144  0.07288  -0.11841  1.0  -0.08  -0.10907  
-0.04643  0.04908  -0.1981  0.07535  0.08131  -0.08  1.0  -0.03961  
0.06669  0.24354  0.01964  0.0388  0.07652  -0.10907  -0.03961  1.0  


1.0  -0.05466  -0.26523  -0.12384  -0.12112  -0.0072  -0.06467  0.04224  
-0.05466  1.0  0.35011  0.1577  0.40139  -0.02406  -0.35934  0.50618  
-0.26523  0.35011  1.0  0.18324  0.14691  0.24345  0.19023  0.10051  
-0.12384  0.1577  0.18324  1.0  0.40888  -0.32796  -0.2923  0.5109  
-0.12112  0.40139  0.14691  0.40888  1.0  -0.40191  -0.2001  0.20028  
-0.0072  -0.02406  0.24345  -0.32796  -0.40191  1.0  0.21091  -0.29713  
-0.06467  -0.35934  0.19023  -0.2923  -0.2001  0.21091  1.0  -0.54695  
0.04224  0.50618  0.10051  0.5109  0.20028  -0.29713  -0.54695  1.0  


1.0  0.50414  0.76384  0.64943  0.67826  0.65601  0.74125  0.68971  
0.50414  1.0  0.65459  0.68312  0.63661  0.65052  0.56156  0.69546  
0.76384  0.65459  1.0  0.73408  0.69196  0.70158  0.78857  0.71606  
0.64943  0.68312  0.73408  1.0  0.68338  0.62274  0.65732  0.7022  
0.67826  0.63661  0.69196  0.68338  1.0  0.63792  0.65393  0.71807  
0.65601  0.65052  0.70158  0.62274  0.63792  1.0  0.67746  0.69254  
0.74125  0.56156  0.78857  0.65732  0.65393  0.67746  1.0  0.68571  
0.68971  0.69546  0.71606  0.7022  0.71807  0.69254  0.68571  1.0  


1.0  0.685  0.71428  0.19166  -0.02175  0.26104  0.69795  0.279  
0.685  1.0  0.63024  0.12986  -0.06902  0.31972  0.49064  0.59948  
0.71428  0.63024  1.0  0.11736  0.003  0.34062  0.59468  0.26826  
0.19166  0.12986  0.11736  1.0  -0.00964  0.04845  0.17  0.08161  
-0.02175  -0.06902  0.003  -0.00964  1.0  -0.03168  -0.00644  -0.08033  
0.26104  0.31972  0.34062  0.04845  -0.03168  1.0  0.19351  0.2049  
0.69795  0.49064  0.59468  0.17  -0.00644  0.19351  1.0  0.00572  
0.279  0.59948  0.26826  0.08161  -0.08033  0.2049  0.00572  1.0  


