# Array shape: (6, 8, 8)

1.0  -0.17488  0.53777  0.46945  0.07528  -0.23925  0.39864  -0.19203  
-0.17488  1.0  -0.35431  0.40576  0.66243  0.35896  -0.80393  0.72929  
0.53777  -0.35431  1.0  0.46599  0.16394  -0.39756  0.49996  -0.55169  
0.46945  0.40576  0.46599  1.0  0.68953  -0.22513  -0.23606  0.04056  
0.07528  0.66243  0.16394  0.68953  1.0  0.07879  -0.54327  0.2394  
-0.23925  0.35896  -0.39756  -0.22513  0.07879  1.0  -0.19959  0.60881  
0.39864  -0.80393  0.49996  -0.23606  -0.54327  -0.19959  1.0  -0.54318  
-0.19203  0.72929  -0.55169  0.04056  0.2394  0.60881  -0.54318  1.0  


1.0  -0.6553  0.53892  0.13335  0.20599  -0.66659  0.80803  -0.60379  
-0.6553  1.0  -0.29448  0.23749  0.03015  0.93159  -0.60037  0.93526  
0.53892  -0.29448  1.0  0.61776  0.67699  -0.21863  0.67356  -0.22173  
0.13335  0.23749  0.61776  1.0  0.77813  0.20447  0.38485  0.25266  
0.20599  0.03015  0.67699  0.77813  1.0  -0.01427  0.42348  0.02784  
-0.66659  0.93159  -0.21863  0.20447  -0.01427  1.0  -0.57232  0.93187  
0.80803  -0.60037  0.67356  0.38485  0.42348  -0.57232  1.0  -0.5042  
-0.60379  0.93526  -0.22173  0.25266  0.02784  0.93187  -0.5042  1.0  


1.0  -0.48562  0.50903  0.3485  0.2018  -0.41493  0.83269  -0.47027  
-0.48562  1.0  -0.14837  0.17881  0.03589  0.92726  -0.54524  0.90716  
0.50903  -0.14837  1.0  0.74802  0.75933  -0.01347  0.65225  0.01243  
0.3485  0.17881  0.74802  1.0  0.6871  0.30834  0.4475  0.31633  
0.2018  0.03589  0.75933  0.6871  1.0  0.0944  0.30835  0.12432  
-0.41493  0.92726  -0.01347  0.30834  0.0944  1.0  -0.44192  0.91642  
0.83269  -0.54524  0.65225  0.4475  0.30835  -0.44192  1.0  -0.43271  
-0.47027  0.90716  0.01243  0.31633  0.12432  0.91642  -0.43271  1.0  


1.0  -0.42061  0.58973  0.31212  0.22035  -0.45019  0.68138  -0.36044  
-0.42061  1.0  -0.26056  0.29202  0.03751  0.87593  -0.77149  0.90236  
0.58973  -0.26056  1.0  0.66701  0.68774  -0.01161  0.34913  -0.17806  
0.31212  0.29202  0.66701  1.0  0.66079  0.40043  -0.03851  0.25744  
0.22035  0.03751  0.68774  0.66079  1.0  0.28333  -0.00665  0.04016  
-0.45019  0.87593  -0.01161  0.40043  0.28333  1.0  -0.76943  0.85636  
0.68138  -0.77149  0.34913  -0.03851  -0.00665  -0.76943  1.0  -0.61923  
-0.36044  0.90236  -0.17806  0.25744  0.04016  0.85636  -0.61923  1.0  


1.0  -0.37749  0.60997  0.51492  0.50533  -0.32528  0.73429  -0.26173  
-0.37749  1.0  -0.24301  0.09951  -0.04068  0.90535  -0.60233  0.88466  
0.60997  -0.24301  1.0  0.57753  0.68017  -0.21362  0.3996  -0.15052  
0.51492  0.09951  0.57753  1.0  0.77809  0.19997  0.22946  0.30454  
0.50533  -0.04068  0.68017  0.77809  1.0  0.08703  0.20614  0.10906  
-0.32528  0.90535  -0.21362  0.19997  0.08703  1.0  -0.53196  0.9024  
0.73429  -0.60233  0.3996  0.22946  0.20614  -0.53196  1.0  -0.48446  
-0.26173  0.88466  -0.15052  0.30454  0.10906  0.9024  -0.48446  1.0  


1.0  -0.42255  0.59208  0.18214  -0.06249  -0.48961  0.64686  -0.57477  
-0.42255  1.0  0.04658  0.30052  0.43761  0.6666  -0.24012  0.64152  
0.59208  0.04658  1.0  0.62637  0.44253  -0.05882  0.53739  -0.2451  
0.18214  0.30052  0.62637  1.0  0.7452  0.05033  0.52968  -0.10878  
-0.06249  0.43761  0.44253  0.7452  1.0  0.21555  0.27366  -0.00111  
-0.48961  0.6666  -0.05882  0.05033  0.21555  1.0  -0.47272  0.87594  
0.64686  -0.24012  0.53739  0.52968  0.27366  -0.47272  1.0  -0.51571  
-0.57477  0.64152  -0.2451  -0.10878  -0.00111  0.87594  -0.51571  1.0  


