# Array shape: (7, 8, 8)

1.0  -0.57824  0.63579  0.31266  0.23014  -0.56609  0.87174  -0.53992  
-0.57824  1.0  -0.18667  0.12985  0.04359  0.93082  -0.6033  0.87091  
0.63579  -0.18667  1.0  0.72329  0.6743  -0.10172  0.64043  -0.16249  
0.31266  0.12985  0.72329  1.0  0.72489  0.17277  0.44247  0.13457  
0.23014  0.04359  0.6743  0.72489  1.0  0.09077  0.31158  0.08535  
-0.56609  0.93082  -0.10172  0.17277  0.09077  1.0  -0.53661  0.8152  
0.87174  -0.6033  0.64043  0.44247  0.31158  -0.53661  1.0  -0.52409  
-0.53992  0.87091  -0.16249  0.13457  0.08535  0.8152  -0.52409  1.0  


1.0  -0.56024  0.46265  0.01466  -0.11901  -0.53082  0.6365  -0.48666  
-0.56024  1.0  -0.17141  0.27546  0.21377  0.90284  -0.53976  0.91812  
0.46265  -0.17141  1.0  0.66758  0.56982  -0.25508  0.54913  -0.19839  
0.01466  0.27546  0.66758  1.0  0.76729  0.09805  0.32525  0.21002  
-0.11901  0.21377  0.56982  0.76729  1.0  0.01576  0.27303  0.07725  
-0.53082  0.90284  -0.25508  0.09805  0.01576  1.0  -0.6235  0.91925  
0.6365  -0.53976  0.54913  0.32525  0.27303  -0.6235  1.0  -0.52993  
-0.48666  0.91812  -0.19839  0.21002  0.07725  0.91925  -0.52993  1.0  


1.0  -0.54162  0.68164  0.36371  0.23726  -0.51875  0.71164  -0.55009  
-0.54162  1.0  -0.12775  0.10397  0.08412  0.85522  -0.48516  0.89157  
0.68164  -0.12775  1.0  0.81785  0.76526  -0.14289  0.65427  -0.12201  
0.36371  0.10397  0.81785  1.0  0.80359  0.10863  0.5469  0.14756  
0.23726  0.08412  0.76526  0.80359  1.0  0.08359  0.36825  0.10786  
-0.51875  0.85522  -0.14289  0.10863  0.08359  1.0  -0.45377  0.93686  
0.71164  -0.48516  0.65427  0.5469  0.36825  -0.45377  1.0  -0.41344  
-0.55009  0.89157  -0.12201  0.14756  0.10786  0.93686  -0.41344  1.0  


1.0  -0.54697  0.64946  0.31319  0.24889  -0.54025  0.74757  -0.5472  
-0.54697  1.0  -0.12957  0.19569  0.07915  0.88876  -0.50417  0.89907  
0.64946  -0.12957  1.0  0.79919  0.77798  -0.16213  0.63889  -0.10816  
0.31319  0.19569  0.79919  1.0  0.79782  0.14387  0.47545  0.22452  
0.24889  0.07915  0.77798  0.79782  1.0  0.03438  0.35123  0.1088  
-0.54025  0.88876  -0.16213  0.14387  0.03438  1.0  -0.50813  0.94098  
0.74757  -0.50417  0.63889  0.47545  0.35123  -0.50813  1.0  -0.43484  
-0.5472  0.89907  -0.10816  0.22452  0.1088  0.94098  -0.43484  1.0  


1.0  -0.60981  0.53409  0.03667  0.17841  -0.58751  0.83736  -0.54199  
-0.60981  1.0  -0.16069  0.41633  0.11916  0.96587  -0.56502  0.89506  
0.53409  -0.16069  1.0  0.48388  0.72211  -0.10312  0.62819  -0.15662  
0.03667  0.41633  0.48388  1.0  0.63547  0.40225  0.24073  0.40935  
0.17841  0.11916  0.72211  0.63547  1.0  0.1247  0.31343  0.10521  
-0.58751  0.96587  -0.10312  0.40225  0.1247  1.0  -0.5412  0.88041  
0.83736  -0.56502  0.62819  0.24073  0.31343  -0.5412  1.0  -0.45735  
-0.54199  0.89506  -0.15662  0.40935  0.10521  0.88041  -0.45735  1.0  


1.0  -0.58143  0.6288  0.40066  0.36328  -0.57725  0.78863  -0.50367  
-0.58143  1.0  -0.1737  0.09987  0.15192  0.91343  -0.39909  0.8833  
0.6288  -0.1737  1.0  0.7449  0.74391  -0.13748  0.63756  -0.16001  
0.40066  0.09987  0.7449  1.0  0.82446  0.11565  0.64608  0.08475  
0.36328  0.15192  0.74391  0.82446  1.0  0.17646  0.4693  0.13557  
-0.57725  0.91343  -0.13748  0.11565  0.17646  1.0  -0.35294  0.83236  
0.78863  -0.39909  0.63756  0.64608  0.4693  -0.35294  1.0  -0.28815  
-0.50367  0.8833  -0.16001  0.08475  0.13557  0.83236  -0.28815  1.0  


1.0  -0.47175  0.73793  0.3662  0.31124  -0.42259  0.88518  -0.46252  
-0.47175  1.0  -0.10558  0.40578  0.20792  0.91089  -0.45939  0.86392  
0.73793  -0.10558  1.0  0.72819  0.74742  -0.06049  0.70473  -0.07776  
0.3662  0.40578  0.72819  1.0  0.79848  0.29638  0.41932  0.26353  
0.31124  0.20792  0.74742  0.79848  1.0  0.18328  0.30638  0.11436  
-0.42259  0.91089  -0.06049  0.29638  0.18328  1.0  -0.4595  0.80333  
0.88518  -0.45939  0.70473  0.41932  0.30638  -0.4595  1.0  -0.41505  
-0.46252  0.86392  -0.07776  0.26353  0.11436  0.80333  -0.41505  1.0  


