# Array shape: (8, 7, 7)

1.0     0.13505     -0.3512     -0.351     0.20136     -0.49512     -0.41756     
0.13505     1.0     0.048     0.05781     0.09505     -0.11946     -0.07057     
-0.3512     0.048     1.0     0.99155     -0.03712     0.20629     0.32839     
-0.351     0.05781     0.99155     1.0     -0.0199     0.22283     0.29454     
0.20136     0.09505     -0.03712     -0.0199     1.0     0.02172     -0.15934     
-0.49512     -0.11946     0.20629     0.22283     0.02172     1.0     -0.11604     
-0.41756     -0.07057     0.32839     0.29454     -0.15934     -0.11604     1.0     


1.0     -0.02395     0.23873     0.22906     0.38074     0.51175     0.33526     
-0.02395     1.0     -0.02155     -0.02225     0.04753     0.12187     0.01464     
0.23873     -0.02155     1.0     0.98955     0.56604     0.2918     0.47914     
0.22906     -0.02225     0.98955     1.0     0.53534     0.28463     0.4263     
0.38074     0.04753     0.56604     0.53534     1.0     0.44106     0.72269     
0.51175     0.12187     0.2918     0.28463     0.44106     1.0     0.27678     
0.33526     0.01464     0.47914     0.4263     0.72269     0.27678     1.0     


1.0     0.37065     0.0504     0.02055     0.28009     -0.49958     0.01631     
0.37065     1.0     0.08661     -0.01629     0.18043     -0.44653     0.02456     
0.0504     0.08661     1.0     0.59259     0.61074     -0.12892     0.52839     
0.02055     -0.01629     0.59259     1.0     0.12551     0.03805     0.05449     
0.28009     0.18043     0.61074     0.12551     1.0     -0.29927     0.62642     
-0.49958     -0.44653     -0.12892     0.03805     -0.29927     1.0     -0.0771     
0.01631     0.02456     0.52839     0.05449     0.62642     -0.0771     1.0     


1.0     0.32487     -0.03549     -0.05722     0.20652     -0.08755     0.09868     
0.32487     1.0     -0.03776     -0.08962     0.21987     -0.18117     0.17456     
-0.03549     -0.03776     1.0     0.97426     0.01321     -0.07434     -0.01123     
-0.05722     -0.08962     0.97426     1.0     -0.04725     -0.07809     -0.03021     
0.20652     0.21987     0.01321     -0.04725     1.0     0.34193     0.09267     
-0.08755     -0.18117     -0.07434     -0.07809     0.34193     1.0     -0.06187     
0.09868     0.17456     -0.01123     -0.03021     0.09267     -0.06187     1.0     


1.0     0.47573     0.16799     0.08675     0.42312     0.22713     0.01615     
0.47573     1.0     0.06579     0.00758     0.32547     0.31641     0.02061     
0.16799     0.06579     1.0     0.9553     0.05286     0.01109     0.05277     
0.08675     0.00758     0.9553     1.0     0.03036     -0.04472     0.03815     
0.42312     0.32547     0.05286     0.03036     1.0     0.50927     -0.05285     
0.22713     0.31641     0.01109     -0.04472     0.50927     1.0     -0.07313     
0.01615     0.02061     0.05277     0.03815     -0.05285     -0.07313     1.0     


1.0     -0.08728     -0.01223     0.00783     0.15654     -0.07777     -0.16912     
-0.08728     1.0     0.04027     0.03712     0.10161     0.05287     0.05221     
-0.01223     0.04027     1.0     0.98463     -0.04079     -0.02709     0.0421     
0.00783     0.03712     0.98463     1.0     -0.04356     0.02654     0.06385     
0.15654     0.10161     -0.04079     -0.04356     1.0     -0.33766     -0.04922     
-0.07777     0.05287     -0.02709     0.02654     -0.33766     1.0     0.10138     
-0.16912     0.05221     0.0421     0.06385     -0.04922     0.10138     1.0     


1.0     -0.1942     -0.04761     -0.04169     0.13634     0.00168     -0.25921     
-0.1942     1.0     0.1096     0.09886     0.00547     0.09493     0.33657     
-0.04761     0.1096     1.0     0.99415     -0.07516     0.01326     -0.0145     
-0.04169     0.09886     0.99415     1.0     -0.05801     -0.00178     -0.02425     
0.13634     0.00547     -0.07516     -0.05801     1.0     -0.34008     0.28596     
0.00168     0.09493     0.01326     -0.00178     -0.34008     1.0     -0.22317     
-0.25921     0.33657     -0.0145     -0.02425     0.28596     -0.22317     1.0     


1.0     0.07472     0.06753     0.01493     0.48149     0.64962     0.46199     
0.07472     1.0     0.09184     0.06692     0.26703     0.13738     0.25592     
0.06753     0.09184     1.0     0.97751     0.21733     0.10495     0.17966     
0.01493     0.06692     0.97751     1.0     0.13594     0.05911     0.12511     
0.48149     0.26703     0.21733     0.13594     1.0     0.50296     0.71645     
0.64962     0.13738     0.10495     0.05911     0.50296     1.0     0.553     
0.46199     0.25592     0.17966     0.12511     0.71645     0.553     1.0     


