# Array shape: (6, 8, 8)

1.0  -0.55715  0.73558  0.40002  0.19298  -0.54519  0.90719  -0.51255  
-0.55715  1.0  -0.29812  0.27262  0.24107  0.94039  -0.72135  0.93855  
0.73558  -0.29812  1.0  0.70994  0.63006  -0.37049  0.61902  -0.31107  
0.40002  0.27262  0.70994  1.0  0.79723  0.1459  0.21491  0.18202  
0.19298  0.24107  0.63006  0.79723  1.0  0.14102  0.02531  0.10855  
-0.54519  0.94039  -0.37049  0.1459  0.14102  1.0  -0.67632  0.94062  
0.90719  -0.72135  0.61902  0.21491  0.02531  -0.67632  1.0  -0.62448  
-0.51255  0.93855  -0.31107  0.18202  0.10855  0.94062  -0.62448  1.0  


1.0  -0.60305  0.67035  0.33147  0.20602  -0.59896  0.91699  -0.55231  
-0.60305  1.0  -0.25593  0.25431  0.1366  0.98223  -0.68544  0.95239  
0.67035  -0.25593  1.0  0.73155  0.6966  -0.2558  0.64242  -0.22754  
0.33147  0.25431  0.73155  1.0  0.7911  0.224  0.30755  0.22644  
0.20602  0.1366  0.6966  0.7911  1.0  0.12765  0.19385  0.07967  
-0.59896  0.98223  -0.2558  0.224  0.12765  1.0  -0.67546  0.96362  
0.91699  -0.68544  0.64242  0.30755  0.19385  -0.67546  1.0  -0.59913  
-0.55231  0.95239  -0.22754  0.22644  0.07967  0.96362  -0.59913  1.0  


1.0  -0.58906  0.67107  0.35427  0.20251  -0.56897  0.91731  -0.53899  
-0.58906  1.0  -0.24458  0.24592  0.14036  0.97928  -0.68701  0.95197  
0.67107  -0.24458  1.0  0.74319  0.69823  -0.22983  0.63278  -0.2109  
0.35427  0.24592  0.74319  1.0  0.783  0.22458  0.30577  0.22611  
0.20251  0.14036  0.69823  0.783  1.0  0.13822  0.16962  0.08749  
-0.56897  0.97928  -0.22983  0.22458  0.13822  1.0  -0.66391  0.96073  
0.91731  -0.68701  0.63278  0.30577  0.16962  -0.66391  1.0  -0.59954  
-0.53899  0.95197  -0.2109  0.22611  0.08749  0.96073  -0.59954  1.0  


1.0  -0.57444  0.67534  0.34801  0.1948  -0.55946  0.90688  -0.52151  
-0.57444  1.0  -0.25537  0.26186  0.14631  0.97854  -0.72156  0.94892  
0.67534  -0.25537  1.0  0.73664  0.68806  -0.22208  0.60712  -0.23035  
0.34801  0.26186  0.73664  1.0  0.77791  0.25161  0.25055  0.2192  
0.1948  0.14631  0.68806  0.77791  1.0  0.16971  0.12963  0.07975  
-0.55946  0.97854  -0.22208  0.25161  0.16971  1.0  -0.69787  0.95785  
0.90688  -0.72156  0.60712  0.25055  0.12963  -0.69787  1.0  -0.628  
-0.52151  0.94892  -0.23035  0.2192  0.07975  0.95785  -0.628  1.0  


1.0  -0.5727  0.69775  0.38304  0.23699  -0.56383  0.91063  -0.52253  
-0.5727  1.0  -0.26776  0.24189  0.14483  0.97313  -0.69943  0.94841  
0.69775  -0.26776  1.0  0.72578  0.68873  -0.2787  0.60996  -0.23809  
0.38304  0.24189  0.72578  1.0  0.79238  0.20474  0.27279  0.22001  
0.23699  0.14483  0.68873  0.79238  1.0  0.13476  0.14097  0.08933  
-0.56383  0.97313  -0.2787  0.20474  0.13476  1.0  -0.67987  0.95709  
0.91063  -0.69943  0.60996  0.27279  0.14097  -0.67987  1.0  -0.60976  
-0.52253  0.94841  -0.23809  0.22001  0.08933  0.95709  -0.60976  1.0  


1.0  -0.60672  0.68108  0.33647  0.16126  -0.59076  0.93398  -0.56138  
-0.60672  1.0  -0.22137  0.28129  0.20021  0.96273  -0.67555  0.94476  
0.68108  -0.22137  1.0  0.74742  0.6613  -0.24359  0.64457  -0.24569  
0.33647  0.28129  0.74742  1.0  0.79765  0.19694  0.32067  0.18084  
0.16126  0.20021  0.6613  0.79765  1.0  0.15651  0.15753  0.07704  
-0.59076  0.96273  -0.24359  0.19694  0.15651  1.0  -0.67459  0.95557  
0.93398  -0.67555  0.64457  0.32067  0.15753  -0.67459  1.0  -0.61898  
-0.56138  0.94476  -0.24569  0.18084  0.07704  0.95557  -0.61898  1.0  


