# Array shape: (8, 6, 6)

1.0     0.63524     0.60952     0.67417     0.55278     0.61575     
0.63524     1.0     0.91863     0.85273     0.77196     0.57798     
0.60952     0.91863     1.0     0.89068     0.72527     0.49238     
0.67417     0.85273     0.89068     1.0     0.62075     0.62103     
0.55278     0.77196     0.72527     0.62075     1.0     0.38577     
0.61575     0.57798     0.49238     0.62103     0.38577     1.0     


1.0     0.5862     0.46116     0.60171     0.5907     0.89621     
0.5862     1.0     0.94263     0.92719     0.96782     0.6252     
0.46116     0.94263     1.0     0.90005     0.94438     0.48103     
0.60171     0.92719     0.90005     1.0     0.94833     0.70471     
0.5907     0.96782     0.94438     0.94833     1.0     0.67046     
0.89621     0.6252     0.48103     0.70471     0.67046     1.0     


1.0     0.37519     0.34492     0.50117     0.37161     0.6289     
0.37519     1.0     0.8906     0.80516     0.90855     0.63307     
0.34492     0.8906     1.0     0.88866     0.88169     0.73448     
0.50117     0.80516     0.88866     1.0     0.82004     0.8205     
0.37161     0.90855     0.88169     0.82004     1.0     0.63735     
0.6289     0.63307     0.73448     0.8205     0.63735     1.0     


1.0     0.71217     0.58232     0.61708     0.82273     0.85792     
0.71217     1.0     0.90663     0.82965     0.9183     0.74281     
0.58232     0.90663     1.0     0.89857     0.84067     0.66238     
0.61708     0.82965     0.89857     1.0     0.84085     0.64867     
0.82273     0.9183     0.84067     0.84085     1.0     0.76407     
0.85792     0.74281     0.66238     0.64867     0.76407     1.0     


1.0     0.94937     0.94317     0.91125     0.95473     0.94953     
0.94937     1.0     0.97358     0.94285     0.96736     0.96585     
0.94317     0.97358     1.0     0.94621     0.93114     0.95695     
0.91125     0.94285     0.94621     1.0     0.91832     0.92451     
0.95473     0.96736     0.93114     0.91832     1.0     0.95843     
0.94953     0.96585     0.95695     0.92451     0.95843     1.0     


1.0     0.39496     0.6285     0.51455     0.66919     0.68342     
0.39496     1.0     0.80376     0.87143     0.85307     0.78347     
0.6285     0.80376     1.0     0.8335     0.8225     0.87418     
0.51455     0.87143     0.8335     1.0     0.89481     0.89561     
0.66919     0.85307     0.8225     0.89481     1.0     0.87504     
0.68342     0.78347     0.87418     0.89561     0.87504     1.0     


1.0     0.2513     0.31947     0.73686     0.40162     0.43373     
0.2513     1.0     0.89669     0.70065     0.82465     0.63864     
0.31947     0.89669     1.0     0.66065     0.80846     0.74615     
0.73686     0.70065     0.66065     1.0     0.71108     0.63703     
0.40162     0.82465     0.80846     0.71108     1.0     0.51001     
0.43373     0.63864     0.74615     0.63703     0.51001     1.0     


1.0     0.84082     0.89468     0.88109     0.94068     0.86743     
0.84082     1.0     0.97145     0.91497     0.92001     0.95559     
0.89468     0.97145     1.0     0.95268     0.93748     0.97139     
0.88109     0.91497     0.95268     1.0     0.90759     0.95135     
0.94068     0.92001     0.93748     0.90759     1.0     0.92033     
0.86743     0.95559     0.97139     0.95135     0.92033     1.0     


